0,421
0,420
0,419
0,418
0,417
0,416
32,5
0,415
0,414
0,413
0,412
0,411
0,410
0,409
0,408
0,407
0,406
0,405
0,404
33,6
0,403
0,402
0,401
33,5
33,4
33,3
33,2
0,400
33,1
33,0
0,399
0,398
32,4
32,3
32,2
0,397
32,1
32,0
0,396
0,395
31,3
31,2
31,1
31,0
0,394
30,3
30,2
30,1
30,0
29,3
29,2
29,1
29,0
0,393
0,392
0,391
0,390
0,389
0,388
0,387
0,386
0,385
0,278
0,384
0,319
0,318
0,317
0,316
17,2
17,1
17,3
15,2
15,1
15,3
16,2
16,1
16,3
13,2
14,2
4,40
4,17
4,41
4,26
4,4
4,91
4,36
4,34
4,7
4,84
4,15
4,1
4,69
4,2
4,3
6,6
6,4
6,5
6,1
6,8
6,2
6,3
7,8
7,10
7,7
7,4
7,5
7,13
7,1
7,9
7,2
7,3
5,4
5,2
5,1
5,3
28,5
28,4
28,3
28,2
28,1
28,0
